0.061546420730241115
0.013512291223267801
0.060680251102652065
0.06796015276688878
0.14994948368497255
0.10520613885821231
0.013606547414056171
0.12586093578756472
0.006498416741377949
0.03967498950910314
0.009930888776757069
0.06666239309182868
0.07234832221374997
0.09260595565138414
0.0002089666539091402
0.003287565219420678
0.0021873974483636537
0.05778129139776886
0.0013153635640945204
0.01469754889225929
0.0013273369358259154
0.045989884169416316
0.19133096320774365
0.039786927449014554
0.011682804421744127
0.06626226824100048
0.060515854709555776
0.03635902591640489
0.019206275934263408
0.034529629695694945
0.01621955468737409
0.03670683555228193
0.02168786218313995
0.013852572085437885
0.015402338863398977
0.01319533072843493
0.04001549757796044
0.011483497351125884
0.028037741201040068
0.13490063662724716
0.009132992182222188
0.0011217687128378332
0.031869713850190155
0.15713994081186372
0.009496771078749406
0.010424178443264986
0.03621900572640403
0.007201234248542136
0.0333523875308663
0.09319741151857396
0.11125276637297396
0.02714491612760886
0.09302783769492845
0.03586721168033286
0.007350628176681452
0.03032487503947872
0.00257809725345273
0.00493057819869549
0.12832618261246861
0.06343170801266484
0.019712744674143835
0.00881507474507823
0.0002715641081874655
0.0036097908586825113
0.004852878694840949
0.1852298332330782
0.04717503514339884
0.16581595333476054
0.10473533300758021
0.09671591987809625
0.08151600927191871
0.012778174154775635
0.022231453160934757
0.009924159218288658
0.011328012375247496
0.07200979611750558
0.041444524511343894
0.06885094274649468
0.0049731161598032
0.2018010796072384
0.02154979398777
0.012952165998871924
0.055865451608259946
0.11199500588405945
0.046335130738822325
0.044003949253179624
0.001108375834262892
0.045027309742091695
0.011058363189254477
0.04710709163980379
0.03401752723062434
0.05150067582274408
0.023165582585109482
0.042267435665990644
0.02747918435764111
0.005549880314307886
0.004643768386414349
0.03739342681084617
0.0005198512829932088
0.12924164137038097
0.015397021749754011
0.11507217817928442
0.024772182640372984
0.0919664021962956
0.009440248577414044
0.00442488727735113
0.023970567929910733
0.015222362401330842
0.011928915588006633
0.004415779445443037
0.005984152370101516
0.00440210421953968
0.10630705189160836
0.11156666873673876
0.20802088668166324
0.02700248061541606
0.003886484150688017
0.12952069102781635
0.24025143946749705
0.08683412819264238
0.026385754252396983
0.007233336661998869
0.015909290965303375
0.028577007391081703
0.00191448713889482
0.02663170606442994
0.004829189979032682
0.13741128841956562
0.0374025764971658
0.1126077425822234
0.0777964435119567
0.0021842984804904524
0.06231517354579273
0.016128590487993377
7.79877884510936e-05
0.004857986689675438
0.02454795228344761
0.0204178929158103
0.0437986271009935
0.006887636865459629
0.0018417198074498857
0.049328252832511556
0.14559798828256001
0.0064071477770407635
0.0034945292670040067
0.0008679406868723551
0.022243111456465618
0.057265763965532145
0.038407868738221475
0.025636676706824024
0.012191160343571436
0.18383037110180264
0.034156444957726614
0.19034606262573087
0.012031450928281564
0.007500503743515142
0.014251032417722445
0.00064323980308176
0.01083882670046129
0.004147407778387465
0.04818227647792024
0.12893468496236324
0.016808101391541194
0.019485157760751586
0.005551988923870185
0.2308152893196595
0.012055816239131748
0.004911546386131785
0.059232310707476137
0.10651282021243887
0.018680662929493462
0.03598412464030355
0.15996060982293706
0.035504435636070905
0.1813464840515995
0.005781456524392542
0.0703087581783662
0.01709081144290006
0.09749888738910745
0.058895833810133885
0.03320655505091957
0.016571573283664785
0.0654023266442361
0.028158958103341493
0.006073516950550699
0.02127605036015456
0.013047693701553788
0.16723396844386265
0.008990276303716044
0.018151059171490177
0.017493956029966305
0.022670005213005273
0.013128890642499794
0.07655056440685007
0.015658151451473735
0.019644908667326134