-0.00475605175897702058526479279015629213
-0.000277181788871056424360028433452602391
-0.00665631713740732946173466995137636718
-0.0113515970792808961310807098702667528
-0.064237962620437609267754248792601736
-0.0168031426719155822648130317760753898
-0.000498555925919114938652686616951900309
-0.0287286189907120517133625735728535797
-8.49386668761230550832287608181072108e-05
-0.00139540745272019065626145432299885987
-0.0002287410232147651081412473593523823
-0.00565083997997987409283621983094254523
-0.0179890108889986044694086469929354489
-0.0158855074283678219952338353522126689
-1.92179708817447634416519539952805758e-07
-1.54828752875282930209437084375027126e-05
-4.74999006442279142141982934326577098e-06
-0.00521709823699093145227039091713182398
-6.20754513699110308916061065649473309e-08
-0.000115694470117744278597198358042486524
-1.91415841036467867695646112435294843e-05
-0.00567876562229936078780345625647657858
-0.0469711536811788588145242943224227138
-0.00503908653273927718338877855272369924
-0.000306110266359925178801955577068307151
-0.00719025764833242019142437018875204868
-0.0111197381035751799309888968011637019
-0.00660569629735188719918001038629425675
-0.00178908662375419297004671158208444403
-0.00219887557857169919407997306098107828
-0.00036271788460833665054360325407055122
-0.00773395157206287389083027831575317952
-0.00231227388415580899903487466873508516
-0.000356236817069322643578029178906424291
-0.000189460192744792972757609493752973428
-0.000459584123865221210521007548128024832
-0.00988465116972484092958524482539600825
-0.000147432617436216759109500062437761908
-0.00379059047365308448920219474305618992
-0.0315596604281754481717925071368481988
-0.000489260053387107935253410466725774396
-1.40557110792568450369581952808284688e-07
-0.00477827641868582104660425453837493097
-0.079149801753457252146725821364203158
-0.000306608280236116936810763363267841687
-0.000110273894613613103046708571004913798
-0.00137405827960918268769064858108553737
-4.39277520108127822110462644340121932e-05
-0.0075602763714276562069899772549091558
-0.025978023965156787744509840681973768
-0.021071658462026293668661284972065429
-0.000896549906716490086953147307371002591
-0.01668732268543234030043082651746386
-0.00052898443008423370433623927368328549
-4.88994750062547926030079688646517876e-05
-0.00344044857200938784821192134906846127
-3.98279153281262173616751658126753236e-05
-8.32097589847264436979237063428081898e-05
-0.0127191677631887233223672990876955404
-0.00737972391923983673342926596659128918
-0.0005643521641270820009394734832511407
-5.52565356183880312176771710862155465e-05
-7.62853141871005823295921618905224273e-07
-6.47341555003264967653006058447859475e-05
-0.000125259264937520980915631518296078357
-0.0583683862590652343696201402566064891
-0.00205238192060291849536907729785870587
-0.0782991109910042774848752361448640672
-0.0260260304839121906965037855360471527
-0.0132661835159774667194994351601364051
-0.00720263794730534674713279402077642115
-0.000181244501694565994047991838067891471
-0.000542790980675446461074066816464110208
-0.000398585822887807129842394728912425948
-0.000458084412232338282296367058875823412
-0.0226284704789979717527043508041990303
-0.00423655044243420485391040617044509739
-0.00882444198718869236194862911096559775
-4.99819627455962696312285808832171304e-05
-0.0682344177456040257086099985324258942
-0.000705443840607085661982739726364076869
-0.000454466375871595487499715352508294851
-0.00664241603868573123223569698293363516
-0.0410487111712491609170406883460254569
-0.00311222421657067558952827847380494606
-0.0105942620369988196264703683848870022
-8.7194950892690399928472151014441301e-06
-0.00906774419167751436887822259831762016
-0.000107105689644037024396518651138933649
-0.00988225754528698163625524582939238943
-0.0041484253474991124064503024231433365
-0.0069602932423087993703896360307791861
-0.00139365416647518236145546694686730432
-0.00387222353907944295704410194023184327
-0.00152659453959002475202811616458920959
-4.71493654898662102048261504699531064e-05
-4.63418382621949911340271992443351488e-05
-0.00153867981055959486155299460941716552
-6.3813245413438732831294848656178756e-08
-0.0461736045834957371453063199952801391
-0.000314316280288715654170890092432006336
-0.0358612070402503266839312955613512146
-0.000389815115982836176340436622297579349
-0.0323743779644748993968977974522443267
-0.000182056635250949934769089007547245776
-2.10092416155458180202301832184987716e-05
-0.00189097657872101347595185268258788798
-8.69101540176239331491306311884830255e-05
-3.76583205375166300817072420294003045e-05
-3.53908319569148081268914993462091693e-05
-0.000118099322309288811815287890783657597
-0.000108355308784956485384737306477890684
-0.0192847637110690603618159564882039527
-0.0249005640398952119996004648643512155
-0.0701161194004644035137232686913464982
-0.000112393977575280862459263188006071
-0.00013338463352059433104926316581678635
-0.0260744875415835807247667557585817179
-0.130074153909592640830180080196544522
-0.0172910047179351395037542970263473405
-0.00247654967226200114279432664709784157
-0.000107584400226243290116463905842944397
-0.000935620801077784020793378082052073006
-0.00163308807852831809328731726253724316
-1.93922126019518500456399487683312947e-05
-0.00252898267396066323733736103261272806
-5.19359388823171278109965585780079037e-05
-0.0425534295004196996009588546642145465
-0.00906066415413232349291703548327960477
-0.0408332289153355799003406523338275058
-0.00942338631427553388725578942880143508
-4.36451950695898200740727321612481781e-06
-0.0050859179560108026062303199381169349
-0.000161368085032119416919003162926176977
-4.87925072951146700126649898559441275e-08
-3.71864712958529900896454600875497426e-05
-0.00154203721545433685613717929718106098
-0.000486884227480535922746147285162658222
-0.00457870895785217884931196443662408188
-0.000183513632274718016130863338928970031
-4.69952293233303158696549414309428034e-06
-0.00768473467370224701481433669476979916
-0.0593659026728215565202484391761743665
-6.86913118954058259643283239242504736e-05
-7.52678742212746642019901600706526839e-05
-7.66219975180987568249581327764476855e-06
-0.000578526088612837692842323182695995487
-0.00770901880577290645251934258132472331
-0.00152751053313488232450394848160612239
-0.000656862738633161477682317816348519633
-0.000245040259155695671341582077598013273
-0.0691102800131699677797515108647109324
-0.00255438431712335681846531578007923794
-0.0581253583946908405925581085743017911
-7.47691493790217143896594840433148652e-05
-0.000621395285577732587210519153296499463
-0.000308421906440060744004950484740254618
-6.33019865611987040574270867101559961e-06
-0.000452875453503585583712083717645315805
-1.50486443436683212324696761535666036e-05
-0.00411096217531888861887598139301014358
-0.0503145131449887433184890839229760462
-0.000759084127506993634721230713692611893
-0.000753465931548368478081422334870463853
-0.000223922794500196494515212255206817737
-0.104250167794796819397390478881091447
-0.000610640139093345716872972379310250882
-2.44301711806335845640956016280420922e-05
-0.00835281407208956538115341938105213861
-0.0359027096909982385826605768293844013
-6.66159638047198690731070170736561043e-05
-0.0027499445354641552370626637933318645
-0.0595842944726932912332000165866058411
-0.00199408345533321447073538493644820088
-0.0858036767279604654752110110325795624
-6.12127176131782713906491519618005368e-05
-0.0147665097905036712355593450792291275
-0.000396473972333320508770432206564800405
-0.0124549481021396985626352168768165
-0.0054256613241458847349031436961872386
-0.00241855040758063750583826168317462389
-0.00116224995382416258662765321931900285
-0.0114545663246834027055214939274122076
-0.000619932865301908667071650629745998359
-2.7105937918343545509451585317720849e-05
-0.000847184323540972003013564662305090136
-0.000556615299783212691270107704083388978
-0.0579398736683069838472241378921193121
-0.000121607030283763871178198026083040455
-0.00043250903758579873791704792197623783
-0.000359678771879366916901921169470868484
-0.000367420021214847492256997327352348266
-0.00019789737442606508280842321194968645
-0.0139936912397465857490761250036536402
-0.000272889442308380004046044460147064435
-0.0010772600324943759316461877518443672