252.21055080701433
47.2819704336345
105.6541835523432
121.60776088160573
216.99698319827024
356.19109222290933
32.941779149355284
117.03192218256243
12.944047289098625
96.68702984507466
77.18478701091861
77.89300314350758
89.69816526484959
143.55803227356796
1.0337268168085765
33.90876293297847
40.24286182735607
67.27362755628218
160.55202573990368
32.36517883174806
1.0726292528643029
83.28728285798063
284.0668553405792
79.95291425532547
146.8980136768601
115.99335067088977
90.68260374032046
71.5775313319141
82.62495700445722
58.09507166237242
77.71860791544533
77.28093002057494
16.9473916184821
136.17060475115895
110.14946288402227
66.8232921423314
79.89734267128901
176.99974354635498
16.415585908339732
219.07536307987985
17.961630068413125
50.887080078825186
30.5945647730602
191.0296058338913
31.88125318338906
103.46308485313175
232.91959892465803
75.17823766966183
48.332272386609425
81.65795776153597
128.7741825652001
59.484826581221874
206.20897631514438
129.6493882910948
153.83287926955782
54.34701883470267
1.2002299012245612
23.06511318292126
163.58995396329644
130.2893609110767
80.92568657831401
69.17339438204642
1.0617054078687465
23.36257378742954
6.048246021157964
326.1450182812786
201.00657015202444
161.54876642422812
195.38532353199474
341.4749569572004
245.03453548855677
40.477205362630606
165.37510815091602
51.201186700653686
23.656469812550803
79.50058511434678
85.46515264966409
82.25087814911456
35.834115748638354
402.781402317197
70.95148827076483
14.895306156851875
124.89240197854551
183.98544393013034
108.07134353630258
72.08569853189358
1.1730228192506935
38.19286364837158
48.18353990623527
76.8765681562564
53.29658803957294
70.12805101044333
8.840655353665364
110.1761658984018
55.084777740429196
35.769737677993916
11.47429546685072
100.92476265547184
63.32384079083133
170.89745640634257
87.85859037699679
154.6348035904137
185.06238034139264
71.65277286020451
78.70217798501051
53.930551146961086
27.701159947503307
143.1948828949192
185.7962449320033
32.78686293204695
79.322336222843
29.48568682145487
136.07174365528172
164.34516804343806
214.12487843332963
137.52466390809283
1.7614820054977953
241.93222428171364
292.01810960505645
126.19991299197355
17.69886640332814
92.09621708258604
64.2147181290129
100.92368442381688
6.5538395405488705
50.41761247451246
45.45398398267766
206.11366945642965
34.43065582027948
132.7489804590244
199.44147764249618
53.00810988880628
56.0333767594687
46.039387181973545
1.2030885086889875
11.921280906578444
79.74369871925819
71.00330552212594
191.96543187405751
33.49378620169453
1.6994360031310927
85.3996309187137
155.2707830161307
13.31156989082719
11.525778268710523
1.050697537524356
134.56068198354615
207.3525516476398
164.1632695205935
18.690046443999595
34.29939156009489
233.036553327181
116.07231164488341
324.4516360497108
141.62976506925818
5.326157094018697
94.37791045946518
1.1016361400457468
28.10209070396407
63.181797105217825
83.21594761030718
221.33527220089033
99.70099051247384
63.887549941626936
13.703842829838724
232.97655527594065
21.9067023704875
43.75658824110376
98.31433230766419
152.51004901098432
134.40627791287898
78.79097859566735
220.5182350583742
76.00527798397738
161.4560407023142
100.41810171655365
145.57136084428979
251.02748694238085
311.3473109801724
100.24601519282854
130.94571141489016
16.91595620802159
245.80996258424636
286.0149283171511
51.121619537609
59.74474232101322
58.975406829149506
183.92749221090497
35.19707935866016
86.31817301941975
124.37839066614704
90.86368957626861
191.81906705971824
128.09543046366588
44.38962185309723
39.38077690188126