num	t/b	strain	dE	RMS	PR	hyst
0	top	0.0128	0.0	2.6224528945716432e-05	0.22341635444458524	0.0001
0	bot	0.0126	0.0	2.62245289457163e-05	0.2234971921068061	0.0001
1	top	0.0294	0.0	4.699302043867077e-05	0.17268186445675365	0.0007
1	bot	0.0286	0.0	4.851580754911039e-05	0.19301216043034777	0.0007
2	top	0.0133	0.0	0.00037930595144185626	0.5253108227352291	0.0031
2	bot	0.0101	0.0	0.0004934982409880863	0.5159177210629292	0.0031
3	top	0.0096	0.0	2.591612363210799e-05	0.13926017400745014	0.0014
3	bot	0.0081	0.0	2.8155595135409026e-05	0.15973554675716864	0.0014
4	top	0.0177	0.0	5.429103878907298e-05	0.3190045668741375	0.0039
4	bot	0.0137	0.0	8.383723962594623e-05	0.3394115743165272	0.0039
5	top	0.0064	0.0	0.0001129992775709109	0.3555729725299644	0.0002
5	bot	0.0061	0.0	0.0001133581197095815	0.35298411841010885	0.0002
6	top	0.0367	0.0	3.494753449839826e-05	0.25293855927676845	0.0001
6	bot	0.0365	0.0	3.494753449839834e-05	0.2552862619455259	0.0001
7	top	0.0043	0.0	6.0676820741789716e-05	0.1900731180335814	0.0002
7	bot	0.004	0.0	6.068371801500807e-05	0.18961288648264246	0.0002
8	top	0.0131	0.0	0.00023872463301774017	0.23169116598041298	0.0054
8	bot	0.0076	0.0	0.00017534798532152493	0.1912499357234985	0.0054
9	top	0.0061	0.0	6.26444773553722e-05	0.23038528777308565	0.0008
9	bot	0.0052	0.0	9.266526491417069e-05	0.20082730169339633	0.0008
10	top	0.0053	0.0	6.569632488345128e-05	0.2596794354850376	0.0017
10	bot	0.0035	0.0	8.608163480239701e-05	0.30085866353022434	0.0017
11	top	0.0023	0.0	0.00019781225017152565	0.27292030797192907	0.003
11	bot	-0.0008	0.0	0.0001308249234241059	0.2563574208585892	0.003
12	top	0.0098	0.0	5.181700682375756e-05	0.08604641640348559	0.0028
12	bot	0.0069	0.0	3.828108779143991e-05	0.08779445418526403	0.0028
13	top	0.0045	0.0	1.6273819476126844e-05	0.13661898002467474	0.0012
13	bot	0.0032	0.0	1.4583192724482827e-05	0.1254727138796401	0.0012
14	top	0.0236	0.0	0.0003278684445698742	0.24927440605827147	0.0112
14	bot	0.0123	0.0	0.00022111794286293178	0.2524083412470617	0.0112
15	top	0.0004	0.0	0.00010405820956512767	0.46591583378221235	0.0001
15	bot	0.0002	0.0	0.00010405820956512754	0.46600001869877794	0.0001
16	top	0.0276	0.0	4.989439718877022e-05	0.5239850245364679	0.0025
16	bot	0.025	0.0	3.986064277056871e-05	0.6110741433878188	0.0025
17	top	0.0027	0.0	1.6387521832747922e-05	0.09303503455279094	0.0012
17	bot	0.0014	0.0	2.1172162962031696e-05	0.08690822987889313	0.0012
18	top	0.0218	0.0	0.0002444031305572356	0.30072968600476374	0.0003
18	bot	0.0214	0.0	0.00014256781099655774	0.3373395411124138	0.0003
19	top	0.0092	0.0	0.00047703454341965323	0.2548350982192014	0.0087
19	bot	0.0004	0.0	0.0003053553394807266	0.2023624924027108	0.0087
20	top	0.0046	0.0	2.4233533013703666e-05	0.12294749944782897	0.0004
20	bot	0.0041	0.0	2.3468294399342357e-05	0.1257369803419773	0.0004
21	top	0.0013	0.0	0.00011722433109974609	0.06968106272977119	0.001
21	bot	0.0002	0.0	0.0001270992471194639	0.0766801427140614	0.001
22	top	0.0019	0.0	1.1422375979925946e-05	0.1655662549493588	0.0005
22	bot	0.0013	0.0	2.073038507095067e-05	0.1641764797824245	0.0005
23	top	0.0036	0.0	3.109279417737475e-05	0.1509769794289012	0.0005
23	bot	0.003	0.0	2.761812419450642e-05	0.14719339568030806	0.0005
24	top	0.0174	0.0	0.0002661336465886076	0.30363266475587175	0.0056
24	bot	0.0117	0.0	0.0002842290722973246	0.31928939557920505	0.0056
25	top	0.0082	0.0	1.2555964083636987e-05	0.10141726909135275	0.0002
25	bot	0.0079	0.0	1.0555443221258778e-05	0.10050103945750441	0.0002
26	top	0.0254	0.0	8.746284231159279e-05	0.15943708251183836	0.003
26	bot	0.0223	0.0	8.374819438745235e-05	0.1428754736634199	0.003
27	top	0.0101	0.0	1.2571812301647696e-05	0.3689440856779379	0.0001
27	bot	0.0099	0.0	1.2571812301647603e-05	0.368943139572835	0.0001
28	top	0.0083	0.0	0.00041845443939409345	0.3108098364805454	0.007
28	bot	0.0012	0.0	0.00030483041950413365	0.3054724954199176	0.007
29	top	0.002	0.0	6.0122199369539335e-05	0.44892832020658024	0.0008
29	bot	0.0011	0.0	4.696337911867754e-05	0.4373993841734729	0.0008
30	top	0.0131	0.0	7.237290437498938e-05	0.17287806049618362	0.0003
30	bot	0.0127	0.0	7.02361367106448e-05	0.1741132341158898	0.0003
31	top	0.023	0.0	5.010070232452165e-05	0.35297639661027014	0.0008
31	bot	0.0221	0.0	4.701404613849782e-05	0.36704839984169413	0.0008
32	top	0.0066	0.0	0.00025165393750672005	0.12786033579371567	0.0044
32	bot	0.0021	0.0	0.00017020064019701627	0.17014732714660757	0.0044
33	top	0.0138	0.0	4.1589096616145346e-05	0.2792301636871268	0.0004
33	bot	0.0133	0.0	4.123928250667163e-05	0.2809686372021952	0.0004
34	top	0.0114	0.0	6.034809722775205e-05	0.1892889709627883	0.003
34	bot	0.0083	0.0	6.428170688379103e-05	0.19484980083864784	0.003
35	top	0.0031	0.0	3.100133412460352e-05	0.24209076608706384	0.0061
35	bot	-0.0031	0.0	0.00011905248729577148	0.4607446716681593	0.0061
36	top	0.0007	0.0	2.3290698440509664e-05	0.2718017608266224	0.0002
36	bot	0.0004	0.0	2.620624225408081e-05	0.24273835932327525	0.0002
37	top	0.0051	0.0	1.0487230291776268e-06	0.1471035842473534	0.0001
37	bot	0.0049	0.0	1.0487230291772431e-06	0.14727339763284977	0.0001
38	top	0.0156	0.0	0.0001415845890335916	0.09309675339097329	0.0026
38	bot	0.0129	0.0	0.0001377731827819703	0.10553600281646515	0.0026
39	top	0.0003	0.0	4.04663378352348e-05	0.38549075493964285	0.0003
39	bot	-0.0001	0.0	4.760779270832644e-05	0.38463486960744797	0.0003
40	top	0.0068	0.0	0.00019093207948060883	0.2122643161606561	0.0095
40	bot	-0.0028	0.0	0.00024853329346450487	0.20506466978866156	0.0095
41	top	0.0038	0.0	7.37402674075427e-05	0.23235492483721437	0.0029
41	bot	0.0008	0.0	8.982825759868854e-05	0.1463791368571079	0.0029
42	top	0.0082	0.0	8.864631087346292e-05	0.2055662906166793	0.0007
42	bot	0.0074	0.0	9.859652097820219e-05	0.24223796729098873	0.0007
43	top	0.0005	0.0	1.2565725309798966e-05	0.18299033493525227	0.0002
43	bot	0.0002	0.0	1.7186341748013146e-05	0.18228380664025787	0.0002
44	top	0.0052	0.0	9.553900073344475e-05	0.06950542765556963	0.0042
44	bot	0.0009	0.0	8.311475747438109e-05	0.08284391101337701	0.0042
45	top	0.0022	0.0	0.00011375034964321708	0.49271730402154906	0.0002
45	bot	0.0019	0.0	8.100977177566086e-05	0.47709133606538756	0.0002
46	top	0.0041	0.0	7.322689148080651e-05	0.15100265981097064	0.0015
46	bot	0.0025	0.0	4.825060264632099e-05	0.14687544963288302	0.0015
47	top	0.0068	0.0	1.4889505153532928e-05	0.3860315105434427	0.0001
47	bot	0.0066	0.0	1.4889505153533147e-05	0.3858667505540306	0.0001
48	top	0.0309	0.0	3.262710483372109e-05	0.14630306118535585	0.0009
48	bot	0.0299	0.0	3.448413853611905e-05	0.15412988807773312	0.0009
49	top	0.0092	0.0	0.00027740714100554147	0.5012492915858365	0.004
49	bot	0.0051	0.0	0.00021248337872312322	0.3690853543257647	0.004
50	top	0.0095	0.0	1.213068061245097e-05	0.1307568886258602	0.0001
50	bot	0.0093	0.0	1.2130680612451114e-05	0.13235758739894213	0.0001
51	top	0.0217	0.0	4.9540589216745887e-05	0.24797088500431225	0.0003
51	bot	0.0213	0.0	0.00010274210203874173	0.24126879972178508	0.0003
52	top	0.0049	0.0	2.0916430589340968e-05	0.44605646149295347	0.0001
52	bot	0.0047	0.0	2.0916430589340738e-05	0.4446451638275946	0.0001
53	top	0.0206	0.0	2.1118634130728434e-05	0.18600306976070846	0.0006
53	bot	0.0199	0.0	2.3136869940106087e-05	0.2699651280050864	0.0006
54	top	0.0101	0.0	3.872984539462889e-05	0.2091835408047615	0.0002
54	bot	0.0098	0.0	3.731810187614607e-05	0.19171996664375968	0.0002
55	top	0.0098	0.0	6.211371158439061e-05	0.07356205025923584	0.0024
55	bot	0.0073	0.0	6.938372408670773e-05	0.07409274619916309	0.0024
56	top	0.0074	0.0	2.235555970987962e-05	0.13851454949300587	0.0005
56	bot	0.0068	0.0	2.9922112374366268e-05	0.1356120912125208	0.0005
57	top	0.0041	0.0	0.0001445759911039174	0.18314038975238264	0.0026
57	bot	0.0014	0.0	0.00013840383627231544	0.22358329396315701	0.0026
58	top	0.0009	0.0	4.273229229687772e-06	0.268853999236033	0.0001
58	bot	0.0007	0.0	4.27322922968758e-06	0.26824862569787994	0.0001
59	top	0.0066	0.0	1.744104398628003e-05	0.26363397639446634	0.0003
59	bot	0.0062	0.0	2.380452081912562e-05	0.28503057457403747	0.0003
60	top	0.0091	0.0	3.44783011486775e-05	0.17482857347031433	0.0001
60	bot	0.0089	0.0	3.4478301148677275e-05	0.17479049236238828	0.0001
61	top	0.0016	0.0	9.89194950048935e-06	0.22885614707992014	0.0001
61	bot	0.0014	0.0	9.891949500489439e-06	0.23014173458470064	0.0001
62	top	0.0196	0.0	0.00010202598707698055	0.16511985321210723	0.0014
62	bot	0.0181	0.0	0.00010655029874978895	0.1457409466778664	0.0014
63	top	0.024	0.0	1.505418559843508e-05	0.3221347932716338	0.0001
63	bot	0.0238	0.0	1.5054185598434957e-05	0.32195226205259925	0.0001
64	top	0.0093	0.0	1.8966763639194268e-06	0.008098696816039943	0.0105
64	bot	-0.0013	0.0	2.2353985659329073e-05	0.008207486011639203	0.0105
65	top	0.0541	0.0	0.00013280813769410226	0.15198132792444874	0.0006
65	bot	0.0534	0.0	0.0001252706179645184	0.1624691223304862	0.0006
66	top	0.0029	0.0	0.00023978712528549152	0.22020507373234735	0.0047
66	bot	-0.0019	0.0	0.00024632577809210375	0.22066808861484857	0.0047
67	top	0.0034	0.0	2.3801944410308974e-05	0.3458482472733919	0.0004
67	bot	0.0029	0.0	3.5622703296900086e-05	0.3336018104967193	0.0004
68	top	0.0257	0.0	5.2431351733252936e-05	0.2856931984419619	0.0002
68	bot	0.0254	0.0	5.643146371228509e-05	0.2684312635981405	0.0002
69	top	0.0035	0.0	3.29114141377366e-05	0.299983368238357	0.0001
69	bot	0.0033	0.0	3.291141413773645e-05	0.29811473848504894	0.0001
70	top	0.0061	0.0	4.550814497776489e-05	0.3225656997699707	0.0006
70	bot	0.0054	0.0	6.80581437982728e-05	0.43484342328434417	0.0006
71	top	0.0517	0.0	0.0003455717455557547	0.3837157227913526	0.0121
71	bot	0.0395	0.0	0.0002728574994292361	0.4203041576854134	0.0121
72	top	0.0183	0.0	5.0844980785412836e-05	0.19310694386290686	0.0001
72	bot	0.0181	0.0	5.0844980785412626e-05	0.19314957596805876	0.0001
73	top	0.0221	0.0	5.074241164426772e-05	0.1906577834016094	0.0003
73	bot	0.0217	0.0	4.7041130062944693e-05	0.192704729383518	0.0003
74	top	0.01	0.0	1.5669936381847558e-05	0.19789505837808288	0.0004
74	bot	0.0095	0.0	1.618597268770819e-05	0.1770562777854996	0.0004
75	top	0.0073	0.0	0.00030632707640434337	0.19533635503371846	0.0047
75	bot	0.0025	0.0	0.00017863509114554355	0.14825002806335633	0.0047
76	top	0.0119	0.0	5.17872731718809e-05	0.2639892574549175	0.0025
76	bot	0.0093	0.0	5.198677253370005e-05	0.25569887428501137	0.0025
77	top	0.0009	0.0	1.3248659627959016e-05	0.12089671318572245	0.0002
77	bot	0.0006	0.0	1.1473384563741056e-05	0.12157620619616243	0.0002
78	top	0.0047	0.0	2.6547975865962217e-06	0.04027928785129269	0.0001
78	bot	0.0045	0.0	2.6547975865968104e-06	0.040373155137898915	0.0001
79	top	0.0249	0.0	0.0007220948358604832	0.30663437462242205	0.0225
79	bot	0.0023	0.0	0.0006426476051670424	0.31776242405726	0.0225
80	top	0.0199	0.0	3.9643577638564544e-05	0.333973911956577	0.0001
80	bot	0.0197	0.0	3.964357763856462e-05	0.3343136026630788	0.0001
81	top	0.0079	0.0	0.00010660021731419865	0.10025046774059188	0.0063
81	bot	0.0015	0.0	0.00015311151913235342	0.12920411055603084	0.0063
82	top	0.0048	0.0	3.5796817571198303e-05	0.22038475284874748	0.0039
82	bot	0.0008	0.0	5.8775259880707115e-05	0.16847094755223788	0.0039
83	top	0.0068	0.0	0.00021835559161184756	0.4478085911416035	0.0004
83	bot	0.0063	0.0	0.00022457232872830714	0.44470885724852893	0.0004
84	top	0.0074	0.0	5.234460645191411e-05	0.10745669495574608	0.001
84	bot	0.0063	0.0	4.642609087601453e-05	0.1011139906871731	0.001
85	top	0.0179	0.0	0.0008384283623946902	0.41362591153789835	0.0111
85	bot	0.0067	0.0	0.000627016235253343	0.39269602191736575	0.0111
86	top	0.013	0.0	5.088175678590651e-05	0.29819234615891227	0.0005
86	bot	0.0124	0.0	5.1854977084201005e-05	0.30212088955590705	0.0005
87	top	0.0063	0.0	0.0004128332141433298	0.25480698399160717	0.0084
87	bot	-0.0022	0.0	0.00044754986666728817	0.3248675470671493	0.0084
88	top	0.0059	0.0	0.00020819387219121827	0.5189505719750986	0.0034
88	bot	0.0024	0.0	0.00019675478744369163	0.46559375613876286	0.0034
89	top	0.0071	0.0	0.00010303883015636811	0.11542247151941933	0.0065
89	bot	0.0005	0.0	0.0001950710064073675	0.12229215341490667	0.0065
90	top	0.004	0.0	9.560978285336944e-05	0.11398152151032992	0.003
90	bot	0.0009	0.0	8.325000921794767e-05	0.09639434213027202	0.003
91	top	0.0168	0.0	0.0001164301867518446	0.2810984911026985	0.0013
91	bot	0.0154	0.0	7.985127745341315e-05	0.32800329219684027	0.0013
92	top	0.0041	0.0	5.1618705991808294e-05	0.31494185460275087	0.0004
92	bot	0.0036	0.0	5.592507336025776e-05	0.3103587694021473	0.0004
93	top	0.0193	0.0	0.00022878365140312874	0.1404602540551573	0.014
93	bot	0.0052	0.0	0.00038415414478647594	0.11879802909159623	0.014
94	top	0.0257	0.0	0.00010379617087452415	0.3002446980189051	0.0015
94	bot	0.0241	0.0	0.0001620286098073319	0.2583252975752875	0.0015
95	top	0.0039	0.0	5.830116886060976e-05	0.10557326222953432	0.0031
95	bot	0.0007	0.0	1.59579370233704e-05	0.09483823169559272	0.0031
96	top	0.0288	0.0	0.0007582734457610902	0.07103613717289081	0.029
96	bot	-0.0003	0.0	0.0008347780705421456	0.07519701907922305	0.029
97	top	0.0151	0.0	0.00036850382911982396	0.17768266666423213	0.015
97	bot	2.1158898314801175e-37	0.0	0.0005276075472546404	0.3214410050571081	0.015
98	top	0.0227	0.0	0.0007129493854855019	0.32445418649054186	0.0213
98	bot	0.0013	0.0	0.0005786600169922154	0.35226432840087474	0.0213
99	top	0.0159	0.0	1.83978648474167e-05	0.31944425518477815	0.0002
99	bot	0.0156	0.0	1.8464247720564386e-05	0.311465238365701	0.0002
100	top	0.0469	0.0	2.4826299199604087e-05	0.15354747874847713	0.0017
100	bot	0.0451	0.0	2.5597912116274568e-05	0.1526726213619887	0.0017
101	top	0.0109	0.0	2.3967841663450265e-05	0.06813093121054731	0.0004
101	bot	0.0104	0.0	2.4206760006101345e-05	0.06753199659483966	0.0004
102	top	0.0054	0.0	2.8877227681097085e-05	0.09033958924147374	0.0006
102	bot	0.0047	0.0	2.341451641903118e-05	0.06467599079511538	0.0006
103	top	0.0007	0.0	0.00011044439121667817	0.18409762886701575	0.0038
103	bot	-0.0032	0.0	0.0001370414268509335	0.2449236885305372	0.0038
104	top	0.0079	0.0	8.33894523588488e-05	0.06301681833026242	0.0014
104	bot	0.0064	0.0	8.575143708369577e-05	0.07232029491422744	0.0014
105	top	0.008	0.0	1.587528271221939e-05	0.07305771142989773	0.0007
105	bot	0.0072	0.0	2.265437586892077e-05	0.08840385007140959	0.0007
106	top	0.0112	0.0	3.080401163717864e-05	0.2858181550754938	0.0017
106	bot	0.0094	0.0	2.286246958104787e-05	0.28561318756952214	0.0017
107	top	0.0023	0.0	3.6200266612581566e-05	0.10683922695990752	0.0001
107	bot	0.0021	0.0	3.620026661258164e-05	0.10661176932605367	0.0001
108	top	0.0125	0.0	3.189783133784776e-05	0.1811760941306434	0.0003
108	bot	0.0121	0.0	3.219744782415297e-05	0.19287894560285462	0.0003
109	top	0.0012	0.0	9.631660431566665e-06	0.3668536754911027	0.0001
109	bot	0.001	0.0	9.631660431566899e-06	0.36756510277321136	0.0001
110	top	0.0056	0.0	4.267315219533142e-06	0.15048955023303312	0.0002
110	bot	0.0053	0.0	7.3548968272404575e-06	0.1263024313466582	0.0002
111	top	0.0069	0.0	6.546719656248451e-05	0.3101734017858222	0.0007
111	bot	0.0061	0.0	6.67129543661214e-05	0.343457961445519	0.0007
112	top	0.005	0.0	7.973514084065258e-06	0.014698753793125111	0.0015
112	bot	0.0034	0.0	2.192168947413055e-06	0.009303480573274498	0.0015
113	top	0.0011	0.0	0.000508942019976712	0.40279501763085807	0.0053
113	bot	-0.0043	0.0	0.00031974202592793767	0.3383652448298198	0.0053
114	top	0.0112	0.0	5.180733378407081e-05	0.1437167819784121	0.0001
114	bot	0.011	0.0	5.180733378407063e-05	0.14320156985528162	0.0001
115	top	0.0158	0.0	3.1569309351576607e-06	0.18866349069616697	0.0001
115	bot	0.0156	0.0	3.1569309351573083e-06	0.1885943353779308	0.0001
116	top	0.0167	0.0	0.00015462197256360728	0.10518655670954542	0.0025
116	bot	0.0141	0.0	0.00011930874137584285	0.09857428527763372	0.0025
117	top	0.0059	0.0	0.00015786171942734658	0.12662433803118764	0.0031
117	bot	0.0027	0.0	9.72095484471865e-05	0.10751852328936111	0.0031
118	top	0.0086	0.0	1.4705891862519899e-05	0.014226270368262312	0.0035
118	bot	0.005	0.0	1.988522789114027e-05	0.01576593061456112	0.0035
119	top	0.0249	0.0	0.00010203907856368178	0.06728684431563317	0.0235
119	bot	0.0013	0.0	6.133576157654898e-05	0.06919101925856973	0.0235
120	top	0.0067	0.0	0.00011741714151267809	0.10154543515499079	0.004
120	bot	0.0026	0.0	9.496263334736391e-05	0.10373150632637947	0.004
121	top	0.0014	0.0	0.0001285731713849886	0.32356832896510435	0.0339
121	bot	-0.0326	0.0	0.00012693283776256894	0.060546308195363226	0.0339
122	top	0.0377	0.0	6.798395042862159e-05	0.08756322964887887	0.0139
122	bot	0.0237	0.0	6.345768340501621e-05	0.1163916981332385	0.0139
123	top	0.0098	0.0	3.9440029917160067e-05	0.0700868165147406	0.0015
123	bot	0.0082	0.0	2.976009392311341e-05	0.061455103002413566	0.0015
124	top	0.0229	0.0	0.0006835965931213709	0.4035428074359592	0.0169
124	bot	0.0059	0.0	0.0006347772739008502	0.3306201076138995	0.0169
125	top	0.0187	0.0	0.00011738440201641221	0.41960192842600286	0.0025
125	bot	0.0161	0.0	0.0001419697545912085	0.36814897767763904	0.0025
126	top	0.0165	0.0	3.6981939226799915e-05	0.2273701209014032	0.0001
126	bot	0.0163	0.0	3.698193922679976e-05	0.22742986123416947	0.0001
127	top	0.0066	0.0	4.714205139408662e-05	0.1293192543366341	0.0041
127	bot	0.0024	0.0	7.816536993747976e-05	0.07791504800251549	0.0041
128	top	0.0363	0.0	1.0105453921351162e-05	0.10707404388400865	0.0001
128	bot	0.0361	0.0	1.0105502257813186e-05	0.10715762902081373	0.0001
129	top	0.0226	0.0	7.242213048560662e-05	0.5034584330601478	0.0003
129	bot	0.0222	0.0	8.292240628737475e-05	0.49666027209637287	0.0003
130	top	0.0267	0.0	0.00016241322028083527	0.08065849764227091	0.0065
130	bot	0.0201	0.0	0.00012129118677024365	0.09444500796233632	0.0065
131	top	0.0092	0.0	6.930441476597878e-05	0.16597244899965777	0.0005
131	bot	0.0086	0.0	2.4805569047089777e-05	0.19570830858682975	0.0005
132	top	0.001	0.0	0.00012237497227695105	0.1874812350704797	0.0019
132	bot	-0.001	0.0	5.4187229093702215e-05	0.15303384272761547	0.0019
133	top	0.0008	0.0	7.820407115360043e-05	0.20695682258505305	0.0004
133	bot	0.0003	0.0	7.515203152891744e-05	0.21145392012025419	0.0004
134	top	0.0196	0.0	0.0001721363724292101	0.40463019566100794	0.0056
134	bot	0.0139	0.0	0.00020653663024098806	0.41328857939635094	0.0056
135	top	0.0001	0.0	1.2223387359345176e-05	0.011309946246741377	0.0026
135	bot	-0.0026	0.0	6.222758305835271e-06	0.008593097809181712	0.0026
136	top	0.0127	0.0	0.00028490530604606106	0.40726293004561376	0.0056
136	bot	0.007	0.0	0.00027796960354407435	0.35035401121434584	0.0056
137	top	0.0066	0.0	2.6547540484557106e-05	0.04149749608777312	0.0003
137	bot	0.0062	0.0	1.9470184920903885e-05	0.04398859120930597	0.0003
138	top	0.0369	0.0	0.0001036133876177908	0.5012478294336804	0.0004
138	bot	0.0364	0.0	0.00011595370895030164	0.4661676973929651	0.0004
139	top	0.0161	0.0	3.6020166900640305e-05	0.2597126050821631	0.0009
139	bot	0.0151	0.0	3.7277001308669674e-05	0.21103479071736483	0.0009
140	top	0.048	0.0	1.5234306053896206e-05	0.46110000973630255	0.0001
140	bot	0.0478	0.0	1.5234306053896089e-05	0.4609929084619234	0.0001
141	top	0.0237	0.0	0.00023165296306745608	0.12643119114588053	0.0157
141	bot	0.0079	0.0	0.00021673969690421814	0.10248056367500456	0.0157
142	top	0.0241	0.0	0.0002145392835786059	0.17290944342952932	0.0102
142	bot	0.0138	0.0	0.00024349334653614666	0.15336695164524727	0.0102
143	top	0.0092	0.0	1.8287625713941598e-06	0.09990378308294297	0.0002
143	bot	0.0089	0.0	1.9186408653040726e-06	0.10258737817036277	0.0002
144	top	0.04	0.0	0.0001318652120686849	0.3454582594990955	0.0066
144	bot	0.0333	0.0	0.00018746387091013968	0.4645047737459776	0.0066
145	top	0.0107	0.0	5.083221492285027e-05	0.537081963547709	0.0008
145	bot	0.0098	0.0	2.68288708823062e-05	0.5338960336875258	0.0008
146	top	0.0119	0.0	0.0003207054764374114	0.4632312130197192	0.0041
146	bot	0.0077	0.0	0.00031750716290724414	0.48766545829270075	0.0041
147	top	0.0131	0.0	2.356005199336035e-05	0.15326426239672594	0.0001
147	bot	0.0129	0.0	2.3560051993360058e-05	0.15308130373403436	0.0001
148	top	0.0408	0.0	1.6249155634175506e-05	0.16949280552965842	0.0003
148	bot	0.0404	0.0	1.8304691426412764e-05	0.21596313266264539	0.0003
149	top	0.0078	0.0	4.617811966709258e-06	0.3473366544794343	0.0001
149	bot	0.0076	0.0	4.6178119667092415e-06	0.3464076585180679	0.0001
150	top	0.011	0.0	0.0003229234291759657	0.43070907820016147	0.0108
150	bot	0.0001	0.0	0.00024820572054208584	0.3089022328776223	0.0108
151	top	0.0641	0.0	3.6193253138680885e-05	0.2109409779438277	0.0008
151	bot	0.0632	0.0	3.2547692754244525e-05	0.20282060557844114	0.0008
152	top	0.031	0.0	7.559008515551159e-05	0.20211101049140145	0.0003
152	bot	0.0306	0.0	7.301444933255007e-05	0.19021125369246286	0.0003
153	top	0.0103	0.0	0.00010483842774452222	0.26974162681128616	0.0008
153	bot	0.0094	0.0	7.318769402579991e-05	0.29745703381563005	0.0008
154	top	0.0119	0.0	4.9431808493413834e-05	0.1369247628115142	0.0083
154	bot	0.0035	0.0	8.8849767860215e-05	0.11108387438577917	0.0083
155	top	0.0332	0.0	0.00026740494954496284	0.1999857628377254	0.0074
155	bot	0.0257	0.0	0.00027440892590476743	0.13205950717767873	0.0074
156	top	0.0154	0.0	9.196030266895548e-06	0.34703186810830366	0.0001
156	bot	0.0152	0.0	9.196030266895027e-06	0.34759184864170856	0.0001
157	top	0.053	0.0	0.0001932896285443338	0.27850769505310435	0.002
157	bot	0.0509	0.0	0.00019008439749526633	0.2843862980404652	0.002
158	top	0.0093	0.0	0.00010947280795510554	0.5286864284753972	0.0009
158	bot	0.0083	0.0	0.00010257634374917698	0.531959383528317	0.0009
159	top	0.0068	0.0	8.44178711110467e-05	0.22266849989270124	0.0024
159	bot	0.0043	0.0	4.924292558378661e-05	0.19919492749284873	0.0024
160	top	0.0168	0.0	2.820065962709995e-05	0.2846242661347286	0.0003
160	bot	0.0164	0.0	2.3600848470214587e-05	0.29015625845429144	0.0003
161	top	0.0161	0.0	0.00020773559103457408	0.1797941616504743	0.0014
161	bot	0.0146	0.0	0.00018851503176553085	0.16509714792051122	0.0014
162	top	0.0012	0.0	7.688605397598107e-05	0.16986765629826003	0.0036
162	bot	-0.0025	0.0	5.9757025536579115e-05	0.18188346119180657	0.0036
163	top	0.0027	0.0	2.8713146976752594e-05	0.13439184983281663	0.0007
163	bot	0.0019	0.0	2.5391019961139463e-05	0.12108797266980642	0.0007
164	top	0.0067	0.0	0.0003257864228867221	0.35847259620727234	0.0061
164	bot	0.0005	0.0	0.0003050533277499852	0.3419724386671272	0.0061
165	top	0.0062	0.0	2.22743878585881e-05	0.08774190238392335	0.002
165	bot	0.0041	0.0	4.5495624091850014e-05	0.05840015707926719	0.002
166	top	0.0362	0.0	8.224818535349151e-05	0.2381241000327566	0.0009
166	bot	0.0352	0.0	7.89507279260072e-05	0.23135282029474996	0.0009
167	top	0.003	0.0	6.319140058981886e-05	0.4122979119806471	0.0002
167	bot	0.0027	0.0	7.495684827344726e-05	0.4110739683073107	0.0002
168	top	0.0125	0.0	0.00016247603716443637	0.4814077337127969	0.0051
168	bot	0.0073	0.0	0.00027138963861260136	0.5391447053294471	0.0051
169	top	0.0143	0.0	1.5681696793982866e-05	0.11709264551474513	0.0004
169	bot	0.0138	0.0	1.4719245316185211e-05	0.11378347140367165	0.0004
170	top	0.018	0.0	3.300789512117466e-05	0.16141247946787143	0.0002
170	bot	0.0177	0.0	2.7810435053512217e-05	0.16390657172194922	0.0002
171	top	0.001	0.0	0.0001734519458178273	0.3463627672017467	0.0021
171	bot	-0.0012	0.0	0.0002089160436022021	0.32669401845330526	0.0021
172	top	0.004	0.0	5.1490413752884307e-05	0.4020725481100258	0.0015
172	bot	0.0024	0.0	4.6257132093749134e-05	0.4178599606909997	0.0015
173	top	0.0218	0.0	5.755637679995571e-05	0.24420270063106447	0.006
173	bot	0.0157	0.0	2.634130672539657e-05	0.3790052444891858	0.006
174	top	0.0066	0.0	8.196259306389072e-05	0.06815029762174045	0.0018
174	bot	0.0047	0.0	6.794948238175425e-05	0.07541075991950534	0.0018
175	top	0.0059	0.0	2.552447773736753e-06	0.008457791130039673	0.0016
175	bot	0.0042	0.0	3.1642853297531673e-06	0.00897094777187232	0.0016
176	top	0.012	0.0	4.877636071689701e-05	0.34305898393094836	0.0005
176	bot	0.0114	0.0	3.4456008666342305e-05	0.3268705882502277	0.0005
177	top	0.0104	0.0	0.00013022544080160432	0.2886301738022287	0.0002
177	bot	0.0101	0.0	0.00011876348635201626	0.2930100446573231	0.0002
178	top	0.047	0.0	0.0002881637402948531	0.056947502382399526	0.0132
178	bot	0.0337	0.0	0.00022717247656870162	0.034883201275246946	0.0132
179	top	0.0166	0.0	3.422345592545781e-05	0.010507698404425805	0.0108
179	bot	0.0057	0.0	6.993653066404946e-07	0.010963413428617074	0.0108
180	top	0.0059	0.0	2.576481999849363e-05	0.28186803531593674	0.0001
180	bot	0.0057	0.0	2.576481999849391e-05	0.28234655446744145	0.0001
181	top	0.0276	0.0	0.0003607822733794837	0.18505007995961395	0.0195
181	bot	0.008	0.0	0.00016473161761301617	0.08584478582909408	0.0195
182	top	0.0118	0.0	3.30731689352024e-05	0.32357379940850683	0.0004
182	bot	0.0113	0.0	2.35938184291e-05	0.30678712425785504	0.0004
183	top	0.0127	0.0	0.00032713262189433106	0.22730755941608674	0.0078
183	bot	0.0048	0.0	0.0003157301881582549	0.1933878740273185	0.0078
184	top	0.0342	0.0	2.8690049716666352e-05	0.36924548756030423	0.0004
184	bot	0.0337	0.0	4.3599817099473356e-05	0.3550545067451539	0.0004
185	top	0.0213	0.0	7.219715687434836e-05	0.07262196191886917	0.0005
185	bot	0.0207	0.0	4.02338164538153e-05	0.06722928712795731	0.0005
186	top	0.0062	0.0	7.152089814476266e-05	0.14056510975647596	0.0037
186	bot	0.0024	0.0	0.00010455287061122975	0.17366648885208624	0.0037
187	top	0.0056	0.0	3.5126084293598525e-05	0.2013425321948207	0.0008
187	bot	0.0047	0.0	3.0018848532607533e-05	0.19698299961851495	0.0008
188	top	0.0002	0.0	0.00014950107542406195	0.17636553470514305	0.0036
188	bot	-0.0035	0.0	0.00015828677074792842	0.17207848568380654	0.0036
189	top	0.0167	0.0	0.0002652452466183957	0.3357893748254526	0.0055
189	bot	0.0111	0.0	0.0001870721220562069	0.3231170219395408	0.0055
190	top	0.032	0.0	9.853418059519466e-05	0.14073681111526828	0.0016
190	bot	0.0303	0.0	0.0001069923757389778	0.11076482713460661	0.0016
191	top	0.0145	0.0	9.559727580426281e-05	0.28480372052143993	0.0033
191	bot	0.0111	0.0	8.952555593833048e-05	0.224724753037379	0.0033
192	top	0.0126	0.0	0.00018637790657438888	0.23319433791351438	0.0096
192	bot	0.0029	0.0	0.00016872506244685367	0.3382300144451582	0.0096
193	top	0.0013	0.0	5.5091143296528524e-05	0.5396042789838121	0.0006
193	bot	0.0006	0.0	3.7936924380479175e-05	0.5215795969227481	0.0006
194	top	0.0035	0.0	1.0982966103613463e-05	0.2244470421088658	0.0003
194	bot	0.0031	0.0	1.1098857697882113e-05	0.22386613813432088	0.0003
195	top	0.0204	0.0	3.6088683520996467e-05	0.4259031286470029	0.0001
195	bot	0.0202	0.0	3.608868352099673e-05	0.4261308820001183	0.0001
196	top	0.0086	0.0	1.2219501082410905e-05	0.34952171117608255	0.0001
196	bot	0.0084	0.0	1.221950108241056e-05	0.3508538597281256	0.0001
197	top	0.008	0.0	0.00044800026330583134	0.4202687167303363	0.0091
197	bot	-0.0012	0.0	0.0004145283366498333	0.24834576228781463	0.0091
198	top	0.0065	0.0	1.1078536873716798e-05	0.008062472143500648	0.0089
198	bot	-0.0025	0.0	6.511331886512418e-05	0.010950726625139602	0.0089
199	top	0.0069	0.0	1.7327124397748865e-05	0.1431227033076161	0.0014
199	bot	0.0054	0.0	2.1586687382374974e-05	0.11714562104015924	0.0014
