-0.0257453233276684873679649501883864944
-0.00722161379894568093617390374219747964
-0.00421961451488491941502586163352561245
-0.0118522012196654493941491081954013982
-0.0246515937509976931972785748640803985
-0.00780545162895057258607596158012040037
-0.000846057259172894912592930133985690481
-0.000419122847208177085136530089143116257
-0.0103322192836018056857796299855777081
-0.00879084428634584857083339812891377185
-0.00125510564478696321705373135172484354
-0.0183417105609781531421922046709472285
-0.00149543840952434605821657144893774811
-0.0324206490786533087308485195051057168
-0.0114762031459979766625362275187403391
-0.0230695115917098338919847418959313422
-0.000482703809262017009889757899664459216
-0.00187439268424739936883392986256769303
-0.00741007991429522427164764323284758602
-0.0132781565035581146099477573846999738
-0.00328252195481270961391160521751727318
-0.00705781737528748107400331917834234333
-0.000739377853715102762670182009550726746
-0.008608403684116175867938776584962562
-0.0118036789408368928587986271049165943
-0.00503757311428410553724502117959335185
-0.00384835459332003665846541234128842688
-0.000429227491625949185183752811586976717
-0.00929566086608431468561082272145216213
-0.00680536670083735317486850616217962717
-0.0118108625238700589225301341769341702
-0.00375444534716075759249291519745648809
-0.00183555214814204123661467567768209672
-0.0198581507678723850964374216260300427
-0.0273671735880157943879516784823057875
-0.00734558175680628948557842008389939266
-0.00957033401083140605352530290749718953
-0.000622632990650789857339539372104417801
-0.00450228344661085515722941569374498268
-0.00213270028949029659164288557548203891
-0.0141251078433932024657770936138233037
-0.018848804888864560865081859865356468
-0.0081137263543617392376397385807179817
-0.00709474315087815358187182055400702828
-0.0245251088133914818245191795814531006
-0.0242025607071983647392976509428323379
-0.00409863373501166440960912835828239731
-0.00905275546629341521374872751447868773
-0.00972725807019261885692484543856199416
-0.00222180707856866384129638934238805459
-0.00177674835586236793266869566996581588
-0.0160959756888019026796526313861597055
-0.00571916179738920390458872506644489986
-0.014358762594579459673209883049416794
-0.00406341695459813147859951424766062149
-0.000554619584694390762039300275506216088
-0.00395483243720847789921604006385437658
-0.0212505511840697802602661998909823932
-0.0122666831809244085314358515757020129
-0.00586126504338067470872796966673398249
-0.00596846286149496815946976592980764978
-0.00707106758278628462475902173106604011
-0.0138912557987420766708703176709874948
-0.0178035729125828095895621883255243354
-0.0101916003000867953831662919694073368
-0.0273540972066862602278840644444758138
-0.00379033903824322737730794655379834385
-0.000363614168509794874481892843794704297
-0.01069016610363482011533330565294563
-0.000131680336340842281065783971233640318
-0.03142896494807284856170900819561986
-0.00915703756976248376889452741348501945
-5.27986169088157576379619760391290521e-05
-0.00895665920618198285338080698690836493
-0.00378621542639709483717826033184854652
-0.0124512226728254214290919423990153661
-0.00199141266823662539489061676405909407
-0.00492624181768732116452883059269763164
-0.0124565125505535962051419545079310619
-0.00284422591350172453887717041744795979
-0.00360676736863486894054834799794030406
-0.00109798157179855980138252400674506779
-0.00826144498296392591630398862429935242
-0.0030798114235003001721276459378326538
-4.1503105560551495957341350423357634e-05
-0.0100197932387555923691900742308137486
-0.0163364172277252518220707247499781826
-0.00914086171120810144516541171521695528
-0.0184260522578586184752159174118356784
-0.0292578408495814519893186158381524703
-0.00187305511033722334666261134649620124
-0.0115667260374906667175578418866466491
-0.00434967212499877068271854274440656004
-0.0238717105302870791699679366293061788
-0.0205155505107996470551104886321943409
-0.0116071272192936504235714603211433214