5.736924732490651
2.5540443287757872
5.185823206365055
5.675985073551491
4.776840516261208
4.602643742676852
5.2183139473657425
3.1031672071611855
5.5736163527766545
5.785358603138274
5.20071284579084
4.732397361913413
5.780230068652065
6.441001886180793
5.515217389342196
6.027784015178258
4.160678945335753
4.732233185840745
5.578536724728457
5.343731654265265
5.359379676755058
3.937003427546981
4.939848333942128
1.3814323901412033
5.260127058691216
3.2825294688644466
2.7957900460800436
2.04751768207837
3.6740798640199213
4.863191716738404
5.533687336806137
4.837138741820254
4.441586251881571
5.760248804588485
6.059133676659376
5.515903923201218
4.757608557587361
3.6794779867995997
5.550428032571703
3.6827832196571966
6.074790511927039
5.4348644285854215
5.495150941235775
4.732780690284067
5.702692044802113
3.463803334917691
4.773961656535521
1.664536129266602
5.864781094065903
4.861147677366825
4.444171978606383
5.114455635034985
4.993995338509245
5.209084607766993
4.614023402832587
4.192058307622646
5.153308594965953
2.426854945795032
5.944511385595207
5.825104352014993
5.115846708535526
5.160906272325159
3.422240876458123
5.386970012002044
2.589626822385463
4.733831831082169
4.7069976969690215
5.5347809910077395
6.246380334218972
2.9513308186877474
4.757867660703107
4.968916547223979
3.9503791003831825
5.7948780068811
5.1243786435952305
5.075540427652864
4.375679664279193
5.425087332933255
4.391745805145021
4.966666985115012
4.938224631058509
3.8242706670512137
4.666487428487657
4.267885858142917
2.7262643234622725
5.356638373347699
5.494797029421708
5.055711984583438
5.138318670745155
4.397674827265287
4.305814517851954
4.925120154673378
5.385511534505676
6.652614388676988
4.661691859754393
4.11986698038614