0.2507498179459343
0.23379662258922537
0.1526426698220599
0.1659262561924456
0.40067305146715826
0.1373647825828655
0.0615083132257974
0.04065279709738581
0.2823824138417445
0.2879322346404472
0.07417827461045498
0.25421091066528484
0.1026481618057241
0.29365449560889295
0.17650438108425592
0.2910526746798996
0.053783139085728224
0.1317627453388672
0.329047437768883
0.27108268727387547
0.11307799192222924
0.13923990238882766
0.062472806463018615
0.18703174283858331
0.17428492204178858
0.1349215191611667
0.13599202498814508
0.03961697784292449
0.19981633838797486
0.15504806094207718
0.1671006391915331
0.13369605079180388
0.08286163207234462
0.2811474108299401
0.22117421445498403
0.21029485362834605
0.25076487162099637
0.07939954692060278
0.1773182574359128
0.13438649220116008
0.29795502507816163
0.22637172005390963
0.17744665994524658
0.16507757257314037
0.20957055261120663
0.3260761854037555
0.14287435915317873
0.1754468758038734
0.20323898646711178
0.12402799320636382
0.07108822710905408
0.264931927640133
0.12164494730401727
0.18903886945425818
0.18436332174237183
0.04814597628964813
0.10459838825097643
0.2782751158240393
0.30762070781695144
0.18471819338156775
0.16689963717341363
0.17317353361808366
0.2689829755877336
0.22778193306460737
0.23456396924785167
0.29322284916208635
0.10285076572506197
0.03995857379320378
0.24705683651254645
0.020475493933743653
0.2995053180824952
0.16618051412168244
0.01763439527800949
0.15889172383413266
0.11405046270869189
0.17372926559706284
0.16159061482301176
0.16296224331429718
0.2820001018021935
0.15287106680486437
0.12081561667679493
0.07806995001530376
0.15292795937533474
0.14420750079767744
0.020293473668316738
0.15011938281324613
0.21088243855367256
0.18220486604049288
0.22317395031131224
0.3371302726212732
0.07856525493876974
0.2490624076312483
0.16286131022024483
0.290426920277455
0.28067216092817915
0.19057853432732186