16.265473602111964
15.152147044320898
9.056798258744585
21.159655461571617
5.081620624520189
16.82589412917884
10.349662241299287
13.641765830419837
12.704482469893811
18.787294933877735
19.41536940597587
17.91185700776802
25.68763347313252
1.5876151168653094
19.22503307755993
19.63570895123538
14.440545940291193
17.21709472865411
7.413464985696947
2.1559681640556376
13.806670908463255
21.581223344415545
1.4018666134875344
23.34002698764334
21.544544363402146
6.028638266928071
14.843390391464135
16.585231624595316
14.99317235027375
15.495201543273508
12.741546248679716
20.282433698455286
21.239767552362057
15.219424109203764
19.905451001150617
16.111712170278377
13.390987885181387
7.480247694645172
9.842904304087932
16.757768821261937
11.554384970492025
14.400984647425593
5.410503204211973
10.340260161911036
13.61322903564614
18.278376033360196
17.850696168357693
11.004223351161738
3.9805316917703397
17.20779443120135
5.301853439173001
15.43649597514293
1.1356790226537483
12.284720794975028
12.647401333403932
12.159561742798017
15.08834042696601
19.013066797304194
16.610033534196145
9.731688789500694
15.612306308013446
11.125756967656239
4.780906646671497
7.952709060796764
8.992470197420225
6.597243624269693
10.065496327035493
16.04887320967666
17.14909806720116
19.569980980146756
15.746918697233037
13.042614779229158
21.775498115866498
14.22733654317643
11.130645599165984
18.004847753323357
9.420062251330164
13.525336361105063
19.23893976169613
15.862170969612876
18.44873076899107
1.7178862590204733
17.796971742644605
13.307054429845346
11.823756974352458
15.237660169041717
11.7012774732665
13.775727647224306
15.185838546538498
18.333374217974665
16.043622088725897
13.107609680431668
15.967525093956725
14.51868403235195
9.154657750515256
13.407826786610066
17.452459955648365
16.37994052411223
15.134583413936808
18.836129209966337
19.350018257724486
1.171639868803919
7.184465983771364
14.908292633713378
19.13187202974213
19.061901922610843
11.142585301436947
7.71666420634143
10.310368717855116
18.014672495904854
3.706450552357445
4.23697912358803
14.09073874989778
1.909853976773648
18.99020878278079
13.010425606799577
19.019542621204348
11.434959961010717
8.896410069900632
13.722633370984372
12.415759246429726
15.457216798312183
14.829399573596518
17.582761225046003
17.171775979068514
18.57103097387454
5.245261797154451
2.0998700811825346
1.4161908823997078
16.14998068672674
10.050195828547594
14.147917893342996
9.94850944688759
20.605363414494338
19.265188795490452
1.5183866919156292
12.861417094137636
17.54193659454593
10.973548298249165
8.313813782113256
15.514356009362011
11.927344986816031