0.16241197124515352
0.14318194055584846
0.06717725587629075
0.11073552197450377
0.24099649818663063
0.09812109771750467
0.12601270571790676
0.047137971366236465
0.19871894303439303
0.23120092003255518
0.21309176279857284
0.12925565744031656
0.13347793087224757
0.012470543750679762
0.1791543457712437
0.18030481853925512
0.182749055692464
0.03882569047460977
0.09042667088946943
0.020090449509175684
0.21191159586092853
0.07826025112076032
0.02448516063937948
0.22134195795066883
0.04796588444369076
0.06226770400394407
0.10290116054364291
0.22450648916780422
0.10156375239782671
0.24854424327962846
0.17919939685395736
0.09391222211169052
0.25360868398417014
0.043615874782054045
0.24473109414721606
0.08807535647217869
0.16373331929630336
0.10984524451533095
0.10090929331043891
0.15468886577807076
0.12383960138117418
0.052836790609973074
0.12964150649019504
0.14732437480400776
0.08335134100993832
0.07543590523058026
0.1820807217064431
0.06713475242481086
0.027568862940323985
0.16588535790881487
0.2197775477125992
0.1440608459104855
0.017581757990448758
0.144001221327094
0.06982430778522021
0.11534002256551827
0.09361495193007086
0.2727395262289247
0.024393827903582768
0.035923324852069664
0.012780797284367717
0.1218677562869927
0.057944626519507166
0.2625181918289492
0.29810767702843305
0.13470953335055602
0.09077510493451345
0.07697315585305942
0.08600995186378563
0.1454211081313683
0.15336876515562742
0.13814892257441702
0.22895621151824563
0.2056451238926715
0.29467307222718353
0.2169738609230287
0.2143779624429792
0.14510860522917782
0.14113557448341263
0.050089548398001116
0.15155766839512344
0.03351061517499642
0.08359715579980884
0.13774674812861462
0.16196078551421508
0.07163794776972021
0.12950168896066547
0.17625171455125976
0.26354016900712957
0.046413416265142324
0.16844997908448278
0.14277989401438115
0.13489110557370498
0.0365461337355334
0.12907227602523544
0.06913206551273195
0.2594884530269162
0.043608741275800174
0.13410733871413855
0.2507873511138617
0.26664976176042804
0.0009467043895013124
0.026291726118488238
0.18012395941816803
0.13886067068938737
0.11240268417333675
0.20650049757918482
0.05068076516589714
0.2661940791569406
0.2110403204745145
0.008379306894233822
0.02858751420508604
0.06715891280344115
0.006107333467750161
0.10122909143445213
0.036691758958576896
0.291523471162114
0.005520401462920078
0.09051240692225732
0.1994797697978748
0.04817155532602587
0.02159048897528647
0.11807751538176339
0.2549411124920087
0.09024622552930373
0.16830848082296712
0.02570432618536115
0.04700597882159917
0.030516798061530695
0.13863196722084625
0.16370803368750506
0.2659808854758359
0.2048375274554508
0.11669229172935773
0.2744635411907075
0.04262934929326215
0.07447334583965155
0.32759923832989757
0.07734867858382058
0.042744528369302044
0.1914966012544091
0.1844094704173831