-0.00384291546979782768844010511331919445
-0.00778763831005398116944108514823628551
-0.000256528860179030036299672029785378234
-0.00552396537381281020038254138154143834
-0.0224079087509481536151356967177748928
-0.000663623360112388339286157768418447607
-0.00644446113290307654740468706548027234
-0.000329685229012583996987175681400789273
-0.0131387603746563587807273753659581696
-0.0151230233955375556092932881842314091
-0.00645193589172317071614151017026123316
-0.0059714720373384182019254176145357298
-0.005688300311006649957778145723202149
-6.91108237461617676980237041714734525e-05
-0.00442930441393452046853301662990710427
-0.0142333970127644872308204971617183573
-0.0070948243511175158150664134473688738
-0.000272384710386466291392283613768488584
-0.00251720868777496870823875530030834897
-0.000149550324071896241917870493167233012
-0.0129874479743217691180546398563178059
-0.00358572851868070946069204632535611176
-0.000510833225096434533752521836946660045
-0.0104070627165116667820503813590407087
-0.000364069159155220976872212871613416502
-0.000713798932911189635459208909498479013
-0.00236921195863215975819870090264007408
-0.0159766022938102027260661308802117491
-0.00337427160773317644783116488631993979
-0.0254309835502240411377214760845238835
-0.00336607641441595215855193955173473269
-0.000947590798456813797694219931156611261
-0.0134048577807394491804489626867944801
-0.000309237716109093660729987135410751181
-0.00919091251343555307425045380506129658
-0.00344781489392238914113790378565409358
-0.00508271194275026052935400606160631362
-0.00316291330765384936284072559201791773
-0.00170850363096035788150303338931954267
-0.00482276273530722469507309273782282699
-0.0061968558345855654786635765808700412
-0.000442282368532764899276667627523541617
-0.00943575540644993908408829351040548649
-0.00434352379878704414483545760259605518
-0.00314068009600897345644516139896774252
-0.00105640338922995810958272585600003566
-0.00502585825686955869362395107829955902
-0.00161831746038137018091871127451862071
-0.000194797221658420435532347250417830864
-0.0042564966326035386246911218488640944
-0.0181023490452328408229184378649569177
-0.00650460866384835606123673388492467982
-0.000238995433330822606414361242398799306
-0.00434085959107985931512160777034680355
-0.00155640435380327289011321656912460607
-0.0051680982191845595988590790502474085
-0.00188715980661575746416945726089715586
-0.0269642341899282308475360812687462703
-7.73423403713605074213107175639332459e-05
-0.000324270188865715342618201129087009329
-2.02601952206640550799122389844884275e-05
-0.00265927197254729146394282394972631396
-0.00106571094505753388703383485190733927
-0.0292083561652796413085717221070170485
-0.0376813734523088768043364788908968551
-0.00948930693184529712545616216551891158
-0.00151250297089791391075917108098225686
-0.00152358107017009776504467478229046066
-0.000867480545125807372968207312523889155
-0.00358060902662136229599566979959334758
-0.0110902439291882374436238196802260096
-0.00829676410415685324175316925608893471
-0.0158881380899889948899005406844620022
-0.0123152814614012705238072610644505202
-0.0223979853539931429730773889158155906
-0.00600754299827689638727067912044340017
-0.0177138403533422180932965422778220653
-0.0032054911997397712991902658533801269
-0.00786872873464563784811759266417294701
-8.79836702479567001596550450477059507e-05
-0.00922564378203647658043137343132505909
-0.000633727090956193801201015540744293592
-0.00153024065506591757929644364474307889
-0.00748758663378460705715910970955184621
-0.00800985019841999290157121340832380556
-0.00187950657937399995688506079930689022
-0.00368202618877058455215841040081487955
-0.012841688071820892183849255345705946
-0.02347296218264935631892531674247712
-0.000351893386948846716875465254897549875
-0.00727679897694474336773392744677550089
-0.0137555645506256968840431288023754228
-0.00753250326807655782659350818685089288
-0.000486213129276965934002993644976284202
-0.00738007058807910004770794022463122384
-0.00187092862524495668510557051366745923
-0.019764897317695771906701620586045854
-0.000410543449771810727413224591715616824
-0.0050368160515401159439232127951938987
-0.0273983050340517887919007521604705183
-0.0257531623647359842298729331495984519
-2.9638439875948671958070057243424657e-07
-0.000112898187931757226252303255411099526
-0.00884514538624221228598742788315307924
-0.00466241264284824200758287769117189652
-0.00842977755511140447061486663521461923
-0.00823113753815089868984584263692414072
-0.00106420448476900904176410079579645447
-0.0175176421804972529855570948138223089
-0.0125574227017998844073590945474620263
-1.29517032572198616426261700395796138e-05
-0.000130177187640822622843022639600487098
-0.00106105518024157251142658972305770129
-1.369448146691993689499300030117183e-05
-0.00203777170238627340548009872233678297
-0.000247927672175649977671887038030121437
-0.0165197949192949731975645265621637178
-2.71101400101406318965874928440588996e-06
-0.00107795413708851992518025511670514173
-0.0116283332429786980355320811727135273
-0.000151535945669014988218590224407830861
-8.05149472596231876387780988289505961e-05
-0.00890455541810206355695850781736766725
-0.0348312982480159965644273785980355264
-0.00152001159115577447630183988052526119
-0.0199584921285144150344861918800053967
-0.000102751204005314959566382281818762498
-0.000856474301913624952746606645846056516
-0.000339126290673316930317167998495822105
-0.00217531343297630554685287591341418216
-0.00751062364960844408769392680917958274
-0.0162311335538532832911572097683941895
-0.0168606230685592058021540745811819624
-0.00232470239096947921627966623186577403
-0.0153346971180451086377152079660231454
-0.0012404894787269244453177361315951777
-0.00137085735618507865402704367125974015
-0.0348619052157307712585069815919411831
-0.00268071833848887427853941135525445196
-0.000303065237745009339953630986683044302
-0.0126586393173621939831793916659081876
-0.00854158044265660035172608321916498635