0.15486180284551057
0.12338730735414682
0.17612728252394635
0.21449477267197017
0.18665090056920763
0.09816622956146995
0.05305488260925325
0.052155411159317856
0.17602662616357515
0.16590395724231297
0.045373028610010864
0.21666826020190177
0.04875801793685388
0.07580832450983474
0.1243183036461383
0.0496586841257913
0.1840709586669279
0.05556644604486448
0.24156329436908597
0.030243990575665628
0.0859899555161062
0.12600473981009472
0.17944248569178076
0.143007777638068
0.15025628977286648
0.09351628508122126
0.18915770367418464
0.10463407125040473
0.17293325653486183
0.29341457664784326
0.0589503346029936
0.23477556618146234
0.2602809804045202
0.2077786487345042
0.17193955652970672
0.20481202266364668
0.16539655513859863
0.04435188784778511
0.15747073531880498
0.06465272609670916
0.00882972563385869
0.08806297248301806
0.020734836139832517
0.159466999827551
0.06565149755746201
0.06662792256603037
0.18527937032690073
0.2299110144878794
0.09988270894647218
0.2044668068415358
0.18889520673185234
0.057031222725317986
0.1272263340945926
0.3495280600803579
0.188235017720247
0.2792109782352316
0.09857802097162056
0.026733095795973813
0.16642065678483317
0.20883284047067957
0.05140772316220655
0.020094324854438118
0.08928785836797516
0.09195105765861906
0.22942410027993318
0.08247070089731702
0.11879037222444297
0.055094264323039814
0.34630540013723027
0.0701983857598766
0.04211191114036145
0.08792452612005149
0.24884275182675866
0.1072409270939256
0.13260377695267797
0.19515267568893455
1.3857971634665473e-07
0.09881862732890168
0.18602853926606777
0.20384902622119808
0.06374737723393206
0.10399413602857384
0.14855439047019103
0.14440039592126583
0.008879786470510983
0.2720658500304793
0.10726594343754753
0.10935295346192571
0.10639050295376817
0.18456467259245474
0.2402014710718618
0.05083667179249116
0.07965436170580799
0.20466317768524747
0.007916576418812427
0.09560010244055293
0.14653805901699274
0.011340184280879679
0.2056614337594889
0.11087094857337781
0.1543582997547966
0.2619124160352075
0.01463052940470222
0.0033666550988665114
0.08045347762129448
0.030059617393088708
0.27476325048568057
0.10678852151941498
0.09635063463388224
0.2187046756624614
0.06827718791217177
0.1439210306638808
0.07391215165708635
0.0689978429128866
0.2867302575541526
0.28075020048816995
0.07647408520812342
0.05960725305617177
0.37445825328527843
0.09912827929975157
0.23023413401528967
0.16484863758657772
0.10042261494780502
0.11987043768949983
0.21644761531592996
0.30314090017966466