17.4092377107898
18.128571862295345
12.554827909992126
9.7331377076455
19.768401682882182
12.636996312105644
15.014619065278788
6.487876573024794
7.974551466015673
7.336596807437312
14.015599519043871
13.586898063840612
12.78324956025094
9.175872098389755
12.214091211122213
11.400626375309098
19.821215613644803
8.007944511901265
12.445549230919642
12.92707492636551
14.270169671376793
12.917862880553415
14.585619788149742
17.60717800905487
14.385588002943516
9.830676527402302
14.922282640449145
12.21466970431554
15.378694422239215
15.09884516989495
15.57382514279703
16.660442290627433
18.353988865259325
20.316671707106618
11.820132809989724
2.816627610091932
15.030859423631941
4.004046697723622
11.671740623935788
8.799304783956599
1.3572977857291404
10.721245919021342
1.2489331018477041
19.677023757308856
10.015455721207656
14.790127679359259
17.934278154549375
12.090488980746784
17.380037358891265
16.856355857515332
14.73898408597263
18.449151687287653
9.708074636063065
16.760744550340842
12.307054420922157
21.398680178110713
14.207373688130858
11.786455103563977
10.898490007089796
12.607827523249387
7.04657925345002
1.7168140373543204
6.462850353533468
19.011107320055128
12.164102424900182
16.486773026216763
16.36716676916278
15.390958806517885
19.063472551196494
11.309540386120183
4.006678988521946
12.103568868781768
19.872123785825732
18.065304496143973
6.289128765274467
18.503133349906452
8.725159974271113
15.181482800654315
19.910498783075067
22.46188208405709
4.427984315820312
17.434529086571516
17.657090980863426
15.723644752059826
8.437390234139318
12.104894697152886
16.220885711197194
18.403721744319615
13.011327719967957
11.494895643544709
22.946345260739182
13.959410461693226
13.863005418768838
19.933236231738917
1.283676546169793
12.25098391999749
17.003753189003614
5.522658058890315
16.088327137421846
20.264827650257548
16.492042148683108
16.458122445308113
5.400206222423432
1.1333174125373455
8.026899481798164
19.755363548338273
19.746640121034318
11.849487478001455
10.44669118426233
15.740481989255509
18.417814588951263
15.296207739620407
14.779189608063223
19.698089735505757
19.672632796526464
17.108441312935977
17.307583749692913
6.5536434015433285
17.191806175650946
9.66570784497697
15.06713930529983
10.290971214172556
14.514050635057632
17.199170971215526
17.077032341725538
14.223830821398419