-0.061877940663479541229490495637518225
-0.0143314203538081978724812685182193753
-0.0791311634483482321468431699316638627
-0.0385959548558901684408463647734841063
-0.048061411203320456614730050285831311
-0.00919117606292083880349178020678320276
-0.00482859558574265411220446066014748749
-0.00192594248020616359556318697198775845
-0.0478420664541437665778908736871003041
-0.0533046451885661082903457629618220238
-0.00237626220528547218414262778695513213
-0.0719898839604991020964833760383209832
-0.00204160266094413622736974692881978611
-0.005951207852938958767218814791846524
-0.0166517677385621638427279444146946348
-0.00128100689925729623094391713931031784
-0.0134966334939778968583929606954111421
-0.00568389654816103971962948725748657303
-0.0601002273616727090502586614880653806
-0.000462896347363240930226287593246266453
-0.00743137231651116398805912879378637059
-0.044225904723389851063906320121598426
-0.0435526993742339935526967836148651847
-0.0301106905988196598287208325593333144
-0.0313925591956804833038365113921316649
-0.0125506752240981449237031085385522759
-0.0487914929272742629057965156046794714
-0.002169783696164844192154618930470887
-0.0544431087392737304868630362997948055
-0.102303652220876878634329409276666056
-0.0087906287424206233423000176860283515
-0.0802785432277505714584735498231163761
-0.0839564522823594213966947904378520136
-0.0604822165146234371010725089422233862
-0.0220477879354590953228749703715304632
-0.117419411810876413737492580756979035
-0.0263345490103960266165113851323245252
-0.000814115646112008001153678665098175288
-0.0167656510632870673819942836247274209
-0.00540527976025351134248969105913069013
-0.000211396925812216150573752481024565389
-0.00556165285595577753493945050558887811
-0.000328479229623002640824079012841810428
-0.0591663240339652424829273000435650087
-0.00216718720276728813591561137930047407
-0.00402255242386857514156753689110893113
-0.0401810868364874786856208967500891473
-0.0628493210384298721153574728449059761
-0.00416504124194855219074949752061869226
-0.0610913300841306252883902315580495111
-0.044559379982113787161322574662571075
-0.00228047693824044569346550060340124551
-0.0214736382578717420322835517420203543
-0.0936203578562825545270839207025934983
-0.0537441266758736842611573089723949436
-0.134396873811952445650645645360022104
-0.0107314765016545341989967795787284365
-0.000537343954838165977589389429708394689
-0.0282635602193461778129261060258677961
-0.0309115075382350907493879719565631674
-0.00282306305839239071961564526345052257
-0.000488929412260625256879989043042111843
-0.00701628182321280772454279485591049436
-0.0063474368750985190452155276797932483
-0.111230391254764807922575426575705541
-0.00375080869050927543992610916405805717
-0.00877584495454988396218854824002245894
-0.00100772373269989600217674733751901736
-0.113273394132352842354582511741177175
-0.00454925063578084072700181519368126615
-0.00275923653500508738019241682069341725
-0.0122245206111705141445474767275838722
-0.0652157733263458405644005800841249085
-0.0120406584793697902595322870849928484
-0.0313770854336872835709250646943396182
-0.0302484475655016285183933948707231914
-6.57135957570440020330763105633005201e-06
-0.00676954590032451837367085153946375035
-0.0410416558100177305805807048837553053
-0.0319857201866863153990902794977155866
-0.00840583065418916257649748795673430486
-0.00490820621850407777441252973890803798
-0.0167026000540568815367490883022071882
-0.0240529975801050712071587717453219978
-6.53628028225451871886951524866294599e-05
-0.0843917721322678945028708934827933155
-0.00219859896737564911816985212156470481
-0.0194022356592548477985905682146621284
-0.00382108054980430605148190687638345259
-0.0541403801502380196398886100321683767
-0.0458438385626388025108464263557230138
-0.00197936243958726845293855337960695311
-0.00748252808315683714420938031593478276
-0.0339143114926443626631936746546993394
-0.000196843082552734916305471519753574911
-0.00585778774037307325813655668728295919
-0.0343896886643488563672368236986905763
-6.15072801129109817513405836316625605e-05
-0.0436667827119014331010626194632346146
-0.0149864303757872640262067346533009871
-0.0206945278976031966114803750653370187
-0.0898324642085839225333700741252179972
-0.000292973618450914773364085640815452239
-5.17685120647469968354651888824708859e-06
-0.0123235150247946903180102854283100987
-0.000743041455870201422594668603580440735
-0.0466738569029284352566030471832740977
-0.0148148699482293935978048648418319751
-0.0104533058822343317417304417285890569
-0.0948612867160271081022315457688656839
-0.0033898623164211171093883961683310699
-0.0242796684625925749167102982594215226
-0.00243301514465531335498351978219595424
-0.00288302391835360172972174912493647264
-0.0790052065498203500412533613522702753
-0.125148993024828716095255309377116155
-0.00164532476759074636174611974164592234
-0.00159950583132999997916615101371305589
-0.0677743755556361314743158294851450402
-0.0145290186970717718515401097447292599
-0.06099425492722693006564057563424139
-0.0659798738740445299060361572286501346
-0.0117686650961225804634117417512295596
-0.00803580750175444128656251383304603444
-0.0305677458199060484868241505380572672
-0.066674548268440115324531447671531959